23
13 23 8 11 84 0 
7 23 27 44 1 
12 23 27 28 2 
16 23 8 11 84 3 
15 23 27 20 4 
11 23 27 44 43 5 
11 23 41 6 
11 23 27 44 46 22 91 7 
5 23 8 
14 23 9 
15 23 10 
6 23 8 11 
15 23 13 56 12 
9 23 13 
12 23 92 97 14 
9 23 41 15 
9 23 41 30 16 
12 23 89 45 90 17 
16 23 89 45 90 17 18 
10 23 41 30 19 
12 23 27 20 
9 23 92 97 21 
8 23 27 44 46 22 
0 23 
13 23 89 45 90 24 
13 23 31 83 25 
10 23 8 29 26 
4 23 27 
6 23 27 28 
9 23 8 29 
7 23 41 30 
5 23 31 
10 23 92 36 49 32 
11 23 13 33 
10 23 27 28 42 35 34 
9 23 27 28 42 35 
8 23 92 36 
14 23 92 36 49 37 
19 23 31 96 80 38 
13 23 27 44 46 39 
21 23 13 40 
6 23 41 
7 23 27 28 42 
7 23 27 44 43 
5 23 27 44 
10 23 89 45 
7 23 27 44 46 
10 23 47 
19 23 41 30 54 48 
9 23 92 36 49 
11 23 27 44 46 22 91 50 
13 23 27 28 51 
14 23 89 45 90 63 52 
14 23 41 30 54 53 
8 23 41 30 54 
13 23 92 36 55 
14 23 13 56 
16 23 27 44 46 57 
13 23 92 36 49 58 
15 23 13 56 59 
12 23 89 45 90 60 
13 23 92 36 61 
13 23 41 30 62 
12 23 89 45 90 63 
16 23 41 30 16 74 64 
12 23 92 65 
16 23 8 67 66 
11 23 8 67 
16 23 31 68 
18 23 92 36 49 37 69 
12 23 27 44 1 70 
15 23 8 67 71 
12 23 41 30 54 72 
11 23 13 98 73 
12 23 41 30 16 74 
12 23 27 28 75 
15 23 27 28 75 76 
17 23 92 97 21 77 
14 23 13 33 78 
18 23 27 44 43 5 79 
18 23 31 96 80 
13 23 27 44 43 81 
21 23 8 11 84 0 82 
10 23 31 83 
7 23 8 11 84 
10 23 27 44 1 85 
14 23 41 30 16 74 86 
14 23 92 97 87 
20 23 41 30 16 74 64 88 
5 23 89 
11 23 89 45 90 
10 23 27 44 46 22 91 
3 23 92 
10 23 27 44 93 
28 23 27 28 75 94 
10 23 27 28 42 35 95 
8 23 31 96 
6 23 92 97 
10 23 13 98 
15 23 27 44 46 22 91 50 99 
23
11 23 33 0 
16 23 33 70 37 93 32 1 
9 23 33 28 2 
10 23 33 30 3 
11 23 33 70 4 
10 23 79 35 5 
11 23 33 70 8 20 6 
11 23 33 30 50 7 
4 23 33 70 8 
12 23 69 75 13 9 
10 23 33 94 76 10 
14 23 69 80 40 85 11 
7 23 33 12 
9 23 69 75 13 
10 23 33 70 8 14 
16 23 33 30 72 39 15 
10 23 33 94 16 
16 23 79 35 98 97 17 
10 23 69 80 46 18 
14 23 33 70 37 93 26 19 
8 23 33 70 8 20 
12 23 33 70 8 20 21 
8 23 22 
0 23 
15 23 79 35 98 24 
11 23 33 30 72 25 
11 23 33 70 37 93 26 
12 23 33 30 27 
8 23 33 28 
9 23 33 96 29 
3 23 33 30 
10 23 33 96 29 31 
13 23 33 70 37 93 32 
2 23 33 
9 23 33 70 37 34 
9 23 79 35 
15 23 69 75 13 36 
7 23 33 70 37 
19 23 33 70 8 38 
9 23 33 30 72 39 
7 23 69 80 40 
13 23 69 80 40 41 
15 23 79 42 
12 23 69 80 40 51 43 
11 23 33 30 50 54 44 
10 23 33 70 8 95 45 
9 23 69 80 46 
14 23 69 80 40 85 47 
11 23 79 35 5 48 
18 23 33 30 27 49 
7 23 33 30 50 
11 23 69 80 40 51 
10 23 69 80 40 52 
11 23 33 70 8 14 53 
10 23 33 30 50 54 
11 23 33 30 50 60 55 
13 23 33 94 76 10 56 
10 23 33 30 72 39 57 
17 23 33 30 50 60 55 58 
17 23 69 80 40 51 43 59 
9 23 33 30 50 60 
9 23 33 30 61 
11 23 69 62 
6 23 33 63 
14 23 33 96 29 64 
12 23 33 70 8 20 6 65 
10 23 33 70 8 86 66 
22 23 33 94 16 67 
12 23 69 80 40 68 
5 23 69 
3 23 33 70 
16 23 79 42 71 
8 23 33 30 72 
13 23 79 35 73 
10 23 33 96 74 
8 23 69 75 
7 23 33 94 76 
13 23 33 63 77 
18 23 33 70 37 93 26 19 78 
8 23 79 
6 23 69 80 
13 23 33 70 8 14 81 
18 23 33 94 76 10 82 
14 23 33 70 8 86 83 
9 23 33 96 84 
10 23 69 80 40 85 
7 23 33 70 8 86 
14 23 33 96 29 87 
11 23 69 80 46 18 88 
8 23 33 63 89 
9 23 33 12 90 
8 23 33 63 91 
10 23 33 30 61 92 
8 23 33 70 37 93 
6 23 33 94 
8 23 33 70 8 95 
5 23 33 96 
13 23 79 35 98 97 
12 23 79 35 98 
13 23 33 94 76 99 
23
4 23 0 
12 23 19 55 36 46 37 66 1 
10 23 0 65 2 
12 23 73 58 87 3 
21 23 19 55 36 46 37 4 
8 23 73 24 91 52 5 
16 23 73 58 87 3 6 
11 23 0 7 
15 23 19 55 36 54 8 
5 23 9 
12 23 19 55 36 46 37 10 
13 23 73 35 11 
9 23 73 92 20 12 
15 23 73 43 13 
13 23 19 55 36 46 14 
17 23 19 86 15 
10 23 73 16 
17 23 73 35 81 17 
10 23 73 18 
4 23 19 
6 23 73 92 20 
15 23 21 
11 23 73 24 91 22 
0 23 
5 23 73 24 
12 23 0 7 25 
8 23 73 24 27 26 
7 23 73 24 27 
15 23 19 28 
17 23 73 96 70 29 
13 23 0 30 
13 23 19 31 
12 23 73 24 91 52 5 32 
18 23 73 35 81 33 
8 23 73 92 20 34 
12 23 73 35 
6 23 19 55 36 
10 23 19 55 36 46 37 
14 23 73 96 70 38 
17 23 19 55 36 46 37 66 1 39 
12 23 0 83 84 40 
14 23 19 55 36 54 41 
12 23 0 65 42 
12 23 73 43 
14 23 19 31 44 
11 23 73 92 20 12 45 
9 23 19 55 36 46 
10 23 19 47 
18 23 48 
12 23 73 96 49 
12 23 0 83 84 50 
14 23 73 96 72 51 
7 23 73 24 91 52 
14 23 73 24 57 53 
10 23 19 55 36 54 
5 23 19 55 
14 23 19 31 56 
11 23 73 24 57 
6 23 73 58 
8 23 73 24 27 59 
13 23 73 92 60 
15 23 73 24 91 52 61 
13 23 73 24 91 52 62 
16 23 0 65 2 63 
14 23 0 65 64 
6 23 0 65 
11 23 19 55 36 46 37 66 
10 23 67 
13 23 0 83 88 68 
18 23 9 69 
11 23 73 96 70 
14 23 73 92 71 
13 23 73 96 72 
4 23 73 
11 23 73 16 74 
14 23 19 31 75 
12 23 67 76 
17 23 0 30 77 
14 23 73 24 91 78 
13 23 73 24 79 
10 23 73 92 80 
14 23 73 35 81 
9 23 99 82 
8 23 0 83 
10 23 0 83 84 
14 23 73 85 
10 23 19 86 
11 23 73 58 87 
10 23 0 83 88 
17 23 19 28 89 
25 23 73 85 90 
6 23 73 24 91 
5 23 73 92 
13 23 19 93 
14 23 0 7 94 
15 23 19 55 36 46 37 66 95 
10 23 73 96 
11 23 19 47 97 
17 23 99 98 
6 23 99 
23
6 23 84 65 5 0 
14 23 84 65 43 45 44 1 
10 23 84 65 43 2 
8 23 84 65 43 25 3 
10 23 84 65 5 50 4 
5 23 84 65 5 
8 23 84 65 43 32 36 6 
17 23 84 65 43 25 94 7 
8 23 84 65 8 
13 23 84 65 43 45 13 9 
13 23 84 65 43 25 10 
17 23 84 65 43 25 11 
9 23 84 65 43 32 36 96 12 
12 23 84 65 43 45 13 
16 23 84 65 43 32 36 96 12 14 
15 23 84 65 43 32 36 6 97 58 15 
12 23 84 65 43 76 79 16 
15 23 84 65 43 32 36 96 12 17 
14 23 84 65 43 32 18 
15 23 84 65 43 76 87 19 
12 23 84 65 43 76 87 20 
15 23 84 21 
14 23 84 65 43 72 56 22 
0 23 
7 23 24 
7 23 84 65 43 25 
15 23 84 65 43 72 26 
24 23 84 65 43 45 99 27 
8 23 84 65 55 28 
13 23 84 65 47 29 
13 23 84 65 30 
11 23 84 31 
6 23 84 65 43 32 
9 23 84 65 33 
20 23 84 65 55 34 
11 23 35 
7 23 84 65 43 32 36 
11 23 24 37 
11 23 84 65 55 78 38 
14 23 84 65 33 39 
15 23 84 65 43 76 87 20 40 
15 23 84 65 41 
16 23 84 65 43 45 13 9 42 
4 23 84 65 43 
9 23 84 65 43 45 44 
8 23 84 65 43 45 
10 23 84 65 55 46 
8 23 84 65 47 
12 23 84 65 43 32 36 96 48 
9 23 84 65 55 49 
9 23 84 65 5 50 
18 23 84 65 5 50 4 51 
12 23 84 65 8 52 
14 23 84 65 43 76 79 16 53 
14 23 84 65 55 78 54 
4 23 84 65 55 
12 23 84 65 43 72 56 
13 23 84 65 43 45 60 57 
11 23 84 65 43 32 36 6 97 58 
13 23 84 65 43 32 36 6 97 58 59 
11 23 84 65 43 45 60 
15 23 84 65 43 45 83 64 61 
14 23 84 65 5 50 4 62 
12 23 84 65 5 63 
12 23 84 65 43 45 83 64 
3 23 84 65 
15 23 93 66 
9 23 84 67 
19 23 84 65 55 46 88 68 
11 23 84 67 69 
9 23 84 65 43 76 79 70 
12 23 84 65 43 25 3 71 
5 23 84 65 43 72 
15 23 84 65 43 25 3 71 73 
9 23 84 65 43 25 3 74 
15 23 84 65 43 45 60 57 75 
6 23 84 65 43 76 
5 23 77 
8 23 84 65 55 78 
7 23 84 65 43 76 79 
10 23 93 80 
7 23 84 81 
11 23 84 65 43 72 82 
11 23 84 65 43 45 83 
2 23 84 
14 23 84 65 43 76 79 16 85 
12 23 84 65 5 86 
9 23 84 65 43 76 87 
15 23 84 65 55 46 88 
16 23 84 65 55 78 38 89 
11 23 84 65 55 46 90 
11 23 24 91 
12 23 84 65 43 25 92 
9 23 93 
15 23 84 65 43 25 94 
16 23 84 81 95 
8 23 84 65 43 32 36 96 
10 23 84 65 43 32 36 6 97 
15 23 84 65 43 32 36 96 12 98 
13 23 84 65 43 45 99 
23
9 23 24 0 
9 23 24 67 1 
15 23 24 26 70 2 
13 23 24 67 94 3 
12 23 24 11 4 
13 23 24 11 4 5 
15 23 50 25 81 6 
5 23 7 
14 23 24 65 27 8 
14 23 24 65 27 9 
14 23 37 35 10 
10 23 24 11 
12 23 24 26 70 12 
16 23 24 65 54 13 
14 23 7 90 75 91 14 
10 23 37 71 15 
13 23 7 90 75 16 
11 23 50 25 17 
16 23 7 72 63 57 18 
13 23 24 26 28 19 
16 23 24 26 28 19 20 
10 23 7 21 
12 23 7 21 22 
0 23 
4 23 24 
9 23 50 25 
8 23 24 26 
10 23 24 65 27 
11 23 24 26 28 
12 23 50 29 
6 23 7 30 
13 23 50 25 81 66 31 
8 23 7 32 
14 23 7 90 75 33 
11 23 24 67 1 34 
13 23 37 35 
14 23 50 25 81 66 36 
1 23 37 
10 23 7 38 
10 23 24 67 39 
9 23 40 
12 23 24 67 94 41 
11 23 24 42 
7 23 24 67 43 
24 23 7 32 83 44 
13 23 50 25 81 45 
17 23 24 67 1 46 
16 23 7 74 48 47 
11 23 7 74 48 
11 23 7 21 49 
3 23 50 
16 23 24 65 54 51 
13 23 50 52 
13 23 24 26 53 
14 23 24 65 54 
16 23 7 30 55 
16 23 24 0 56 
14 23 7 72 63 57 
15 23 37 95 86 58 
18 23 7 74 59 
15 23 24 65 60 
13 23 7 74 48 61 
15 23 24 67 1 34 62 
13 23 7 72 63 
13 23 24 26 70 12 64 
7 23 24 65 
11 23 50 25 81 66 
5 23 24 67 
13 23 40 68 
16 23 7 90 75 33 69 
10 23 24 26 70 
7 23 37 71 
11 23 7 72 
10 23 24 26 73 
10 23 7 74 
8 23 7 90 75 
17 23 7 30 88 76 
11 23 40 77 
11 23 7 90 78 
14 23 37 95 99 79 
13 23 7 90 78 80 
10 23 50 25 81 
12 23 7 32 83 82 
11 23 7 32 83 
19 23 7 72 63 57 84 
15 23 24 67 94 85 
13 23 37 95 86 
10 23 7 90 87 
14 23 7 30 88 
12 23 24 26 70 89 
7 23 7 90 
12 23 7 90 75 91 
13 23 24 65 92 
15 23 24 65 27 93 
8 23 24 67 94 
9 23 37 95 
8 23 24 96 
12 23 24 67 1 97 
5 23 98 
11 23 37 95 99 
23
5 23 99 22 0 
15 23 48 1 
15 23 5 2 
11 23 99 22 0 66 3 
12 23 99 22 27 4 
10 23 5 
10 23 99 22 27 6 
14 23 99 22 0 36 7 
13 23 99 28 32 8 
12 23 99 28 46 60 9 
13 23 99 22 27 6 10 
12 23 5 11 
12 23 48 86 12 
14 23 13 
18 23 99 22 94 14 
19 23 99 28 21 15 
20 23 99 22 27 6 10 16 
13 23 99 22 0 66 3 17 
17 23 99 28 18 
21 23 48 19 
12 23 99 22 27 6 20 
16 23 99 28 21 
4 23 99 22 
0 23 
17 23 93 24 
21 23 99 22 0 36 51 25 
16 23 99 28 46 68 26 
8 23 99 22 27 
7 23 99 28 
11 23 99 29 
12 23 99 28 30 
16 23 99 22 94 31 
9 23 99 28 32 
17 23 99 22 0 36 7 58 33 
16 23 48 86 12 35 55 34 
13 23 48 86 12 35 
12 23 99 22 0 36 
17 23 99 98 88 90 37 
17 23 71 47 38 
15 23 99 39 
18 23 5 52 40 
16 23 99 28 46 57 41 
11 23 99 42 
12 23 99 28 43 
16 23 99 22 27 6 20 44 
14 23 48 49 45 
9 23 99 28 46 
14 23 71 47 
10 23 48 
12 23 48 49 
20 23 5 52 50 
15 23 99 22 0 36 51 
15 23 5 52 
15 23 99 22 27 6 85 53 
13 23 99 28 46 60 54 
15 23 48 86 12 35 55 
15 23 99 28 65 56 
11 23 99 28 46 57 
16 23 99 22 0 36 7 58 
18 23 99 28 65 56 59 
11 23 99 28 46 60 
7 23 99 22 0 61 
10 23 99 22 0 61 62 
13 23 99 63 
13 23 99 28 46 60 9 64 
9 23 99 28 65 
7 23 99 22 0 66 
15 23 99 28 65 87 67 
15 23 99 28 46 68 
19 23 99 22 0 66 69 
12 23 70 
13 23 71 
13 23 99 22 0 66 78 72 
17 23 99 28 46 60 73 
9 23 99 22 0 61 74 
16 23 99 98 75 
16 23 99 22 94 76 
14 23 99 22 0 61 77 
12 23 99 22 0 66 78 
15 23 99 22 0 61 77 79 
15 23 99 28 32 8 80 
17 23 99 28 46 60 9 81 
16 23 99 22 0 36 82 
13 23 99 22 27 4 83 
15 23 5 84 
13 23 99 22 27 6 85 
11 23 48 86 
12 23 99 28 65 87 
12 23 99 98 88 
13 23 99 22 0 61 89 
14 23 99 98 88 90 
16 23 99 22 94 91 
19 23 99 22 92 
16 23 93 
11 23 99 22 94 
12 23 99 22 27 95 
20 23 99 22 27 6 20 96 
17 23 48 1 97 
11 23 99 98 
2 23 99 
23
4 23 0 
10 23 4 1 
6 23 0 37 2 
6 23 0 57 3 
7 23 4 
12 23 4 1 5 
17 23 4 1 6 
19 23 0 37 44 7 
14 23 35 26 8 
14 23 0 37 2 79 9 
15 23 4 1 29 69 10 
8 23 42 11 
13 23 42 51 33 49 12 
10 23 78 13 
14 23 42 41 27 14 
12 23 35 80 15 
11 23 0 22 64 16 
17 23 0 22 82 17 
10 23 0 37 18 
9 23 0 57 3 65 19 
9 23 35 80 20 
11 23 0 22 21 
6 23 0 22 
0 23 
14 23 0 57 3 65 19 30 24 
16 23 78 81 25 
9 23 35 26 
12 23 42 41 27 
9 23 35 80 28 
11 23 4 1 29 
10 23 0 57 3 65 19 30 
11 23 35 26 31 
7 23 0 37 2 32 
8 23 42 51 33 
11 23 4 34 
4 23 35 
16 23 47 36 
5 23 0 37 
12 23 42 11 38 
11 23 4 39 
12 23 4 34 40 
9 23 42 41 
5 23 42 
13 23 42 51 33 49 43 
12 23 0 37 44 
15 23 42 51 33 49 45 
5 23 35 46 
9 23 47 
15 23 74 72 99 71 48 
10 23 42 51 33 49 
15 23 35 80 50 
7 23 42 51 
20 23 0 37 18 52 
15 23 42 51 33 49 53 
13 23 42 51 54 
6 23 42 55 
10 23 35 80 56 
5 23 0 57 
17 23 0 57 3 65 19 30 58 
17 23 0 57 59 
16 23 0 37 2 60 
8 23 78 61 
11 23 42 51 62 
13 23 35 80 20 63 
9 23 0 22 64 
8 23 0 57 3 65 
19 23 0 57 3 66 
11 23 35 80 56 67 
14 23 35 80 20 68 
14 23 4 1 29 69 
13 23 0 37 2 70 
14 23 74 72 99 71 
11 23 74 72 
17 23 0 37 2 79 73 
7 23 74 
16 23 42 11 75 
17 23 35 94 76 
11 23 4 77 
3 23 78 
10 23 0 37 2 79 
7 23 35 80 
12 23 78 81 
10 23 0 22 82 
18 23 35 80 15 83 
13 23 42 55 96 84 
13 23 0 22 85 
17 23 4 34 40 86 
13 23 0 57 87 
14 23 42 55 96 88 
10 23 42 55 96 89 
16 23 0 37 90 
15 23 4 1 5 91 
12 23 74 92 
12 23 0 57 3 65 97 93 
16 23 35 94 
13 23 4 95 
7 23 42 55 96 
11 23 0 57 3 65 97 
16 23 35 80 56 98 
13 23 74 72 99 
23
14 23 0 
10 23 5 1 
18 23 13 81 56 90 30 3 2 
14 23 13 81 56 90 30 3 
11 23 13 81 4 
3 23 5 
10 23 16 6 
9 23 7 
13 23 7 8 
9 23 5 9 
12 23 13 10 
17 23 20 18 69 11 
13 23 7 12 
6 23 13 
13 23 5 65 14 
15 23 5 80 45 15 
9 23 16 
17 23 20 35 61 17 
10 23 20 18 
15 23 20 94 79 19 
3 23 20 
11 23 5 9 21 
9 23 22 
0 23 
12 23 13 81 56 74 24 
14 23 5 80 34 31 27 25 
9 23 54 26 
13 23 5 80 34 31 27 
14 23 5 80 34 88 82 60 28 
15 23 13 81 56 33 29 
13 23 13 81 56 90 30 
9 23 5 80 34 31 
14 23 54 75 32 
10 23 13 81 56 33 
6 23 5 80 34 
9 23 20 35 
18 23 22 37 36 
11 23 22 37 
13 23 5 80 38 
7 23 5 39 
14 23 54 26 40 
11 23 16 6 41 
17 23 5 80 34 31 27 85 68 42 
16 23 96 43 
18 23 5 80 45 44 
11 23 5 80 45 
17 23 5 39 46 
12 23 16 47 
14 23 13 81 56 74 24 48 
10 23 5 80 49 
11 23 5 80 34 31 50 
15 23 13 81 56 51 
13 23 13 81 56 33 52 
12 23 22 37 53 
8 23 54 
13 23 13 81 56 84 55 
8 23 13 81 56 
17 23 5 9 59 57 
13 23 5 39 58 
11 23 5 9 59 
11 23 5 80 34 88 82 60 
10 23 20 35 61 
15 23 5 80 91 62 
12 23 20 35 61 63 
13 23 5 65 64 
12 23 5 65 
14 23 16 6 41 66 
13 23 54 26 67 
15 23 5 80 34 31 27 85 68 
13 23 20 18 69 
15 23 5 80 34 31 70 
17 23 5 80 34 31 71 
16 23 5 1 72 
17 23 5 80 38 73 
11 23 13 81 56 74 
10 23 54 75 
12 23 5 80 49 93 76 
10 23 22 77 
18 23 13 81 56 74 78 
13 23 20 94 79 
5 23 5 80 
7 23 13 81 
10 23 5 80 34 88 82 
11 23 5 80 83 
12 23 13 81 56 84 
14 23 5 80 34 31 27 85 
18 23 5 9 59 57 86 
16 23 5 80 91 87 
8 23 5 80 34 88 
17 23 13 81 56 33 89 
12 23 13 81 56 90 
9 23 5 80 91 
16 23 13 81 56 74 24 92 
11 23 5 80 49 93 
8 23 20 94 
17 23 5 80 34 95 
12 23 96 
11 23 7 97 
14 23 16 6 41 98 
16 23 13 10 99 
23
19 23 49 76 9 28 0 
17 23 49 18 91 1 
11 23 2 
20 23 49 82 12 69 3 
19 23 11 4 
24 23 49 5 
19 23 49 76 9 28 6 
13 23 49 76 22 7 
18 23 49 76 22 7 8 
11 23 49 76 9 
20 23 49 82 12 69 10 
14 23 11 
11 23 49 82 12 
15 23 49 76 9 46 13 
17 23 49 82 12 83 14 
18 23 49 18 95 15 
19 23 49 76 9 16 
25 23 49 82 17 
12 23 49 18 
14 23 30 39 19 
20 23 30 39 19 20 
16 23 49 82 87 21 
12 23 49 76 22 
0 23 
15 23 11 24 
16 23 30 25 
18 23 11 24 26 
14 23 49 76 75 27 
13 23 49 76 9 28 
12 23 30 29 
10 23 30 
20 23 49 62 81 66 77 31 
17 23 49 82 12 84 32 
16 23 49 76 9 46 13 33 
15 23 49 62 81 79 34 
16 23 49 82 89 35 
15 23 2 36 
23 23 49 38 37 
17 23 49 38 
12 23 30 39 
19 23 49 62 81 79 34 92 40 
12 23 49 82 55 41 
19 23 49 62 81 79 42 
15 23 49 62 43 
18 23 49 76 9 28 44 
14 23 49 62 81 45 
12 23 49 76 9 46 
15 23 49 76 71 47 
22 23 30 39 48 
4 23 49 
17 23 49 76 9 46 13 33 50 
19 23 49 62 81 51 
18 23 49 76 9 46 13 52 
17 23 49 82 89 90 53 
14 23 49 62 54 
11 23 49 82 55 
19 23 49 82 89 90 53 56 
16 23 49 18 57 
25 23 49 82 12 69 10 58 
17 23 49 76 22 7 59 
21 23 60 
14 23 49 62 61 
8 23 49 62 
16 23 49 76 63 
13 23 49 82 55 64 
17 23 65 
14 23 49 62 81 66 
20 23 49 62 81 79 34 92 67 
13 23 49 62 68 
16 23 49 82 12 69 
19 23 49 82 12 84 73 70 
14 23 49 76 71 
17 23 72 
17 23 49 82 12 84 73 
16 23 49 82 55 74 
13 23 49 76 75 
9 23 49 76 
17 23 49 62 81 66 77 
18 23 49 62 81 45 78 
14 23 49 62 81 79 
15 23 49 76 22 80 
9 23 49 62 81 
10 23 49 82 
14 23 49 82 12 83 
13 23 49 82 12 84 
19 23 49 62 54 85 
16 23 49 82 55 86 
12 23 49 82 87 
21 23 49 88 
15 23 49 82 89 
16 23 49 82 89 90 
14 23 49 18 91 
16 23 49 62 81 79 34 92 
19 23 49 82 93 
22 23 94 
14 23 49 18 95 
16 23 11 24 96 
17 23 49 82 12 83 97 
14 23 2 98 
20 23 49 38 99 
23
12 23 22 66 6 41 70 0 
12 23 90 78 1 
17 23 90 2 
10 23 90 25 3 
12 23 22 66 6 41 70 4 
11 23 22 86 83 5 
6 23 22 66 6 
15 23 90 7 
8 23 90 78 8 
11 23 24 9 
15 23 22 66 20 10 
11 23 90 78 8 11 
13 23 24 9 12 
9 23 90 13 
8 23 22 66 6 14 
11 23 22 89 15 
13 23 22 66 6 14 91 16 
11 23 90 78 30 17 
12 23 90 78 18 
13 23 19 
9 23 22 66 20 
11 23 90 50 21 
1 23 22 
0 23 
7 23 24 
8 23 90 25 
9 23 22 66 26 
9 23 90 78 27 
12 23 90 25 28 
13 23 22 89 15 29 
10 23 90 78 30 
16 23 61 63 31 
11 23 24 32 
12 23 22 66 36 33 
10 23 22 86 34 
15 23 22 89 15 35 
10 23 22 66 36 
10 23 90 78 8 37 
14 23 24 32 38 
16 23 61 63 39 
13 23 90 78 30 40 
9 23 22 66 6 41 
14 23 22 66 6 41 42 
14 23 90 78 8 43 
11 23 90 13 44 
15 23 22 86 68 45 
12 23 22 66 6 14 91 46 
15 23 22 89 15 49 47 
10 23 22 66 6 48 
13 23 22 89 15 49 
7 23 90 50 
13 23 90 13 95 51 
13 23 24 32 52 
16 23 22 86 83 5 53 
17 23 90 78 8 54 
12 23 90 13 95 55 
21 23 90 50 65 56 
17 23 22 66 20 57 
13 23 90 78 27 58 
9 23 22 66 6 59 
12 23 22 66 6 59 60 
5 23 61 
18 23 61 63 62 
11 23 61 63 
11 23 90 13 64 
9 23 90 50 65 
5 23 22 66 
15 23 90 78 8 43 67 
10 23 22 86 68 
13 23 22 66 6 14 91 46 69 
11 23 22 66 6 41 70 
13 23 90 13 64 71 
13 23 72 
11 23 73 
19 23 61 63 39 74 
19 23 22 66 6 41 70 75 
14 23 90 78 27 58 76 
12 23 22 86 68 77 
3 23 90 78 
15 23 22 66 79 
14 23 22 89 15 80 
13 23 81 
15 23 22 86 68 82 
4 23 22 86 83 
13 23 90 13 95 55 84 
14 23 22 66 6 41 85 
2 23 22 86 
12 23 90 50 65 87 
7 23 88 
10 23 22 89 
1 23 90 
9 23 22 66 6 14 91 
14 23 22 86 68 92 
17 23 90 13 64 71 93 
21 23 24 32 52 94 
10 23 90 13 95 
9 23 96 
16 23 22 66 6 41 85 97 
13 23 88 98 
16 23 24 32 99 
23
4 23 37 62 0 
8 23 37 62 0 1 
20 23 37 62 18 75 99 2 
4 23 3 
5 23 37 62 4 
10 23 37 62 4 14 5 
9 23 37 93 52 8 6 
14 23 37 93 89 87 7 
8 23 37 93 52 8 
14 23 37 62 18 19 9 
7 23 77 98 10 
9 23 77 98 11 
9 23 37 62 41 42 12 
7 23 37 93 13 
6 23 37 62 4 14 
13 23 77 20 67 15 
7 23 37 62 18 75 16 
12 23 37 93 52 29 79 17 
3 23 37 62 18 
7 23 37 62 18 19 
4 23 77 20 
11 23 37 93 26 21 
10 23 77 20 67 80 22 
0 23 
12 23 37 62 64 24 
5 23 77 25 
5 23 37 93 26 
11 23 37 62 64 27 
14 23 77 20 58 74 28 
10 23 37 93 52 29 
11 23 37 93 26 35 30 
13 23 77 20 67 31 
16 23 37 93 32 
20 23 37 93 82 60 96 33 
16 23 37 62 64 27 88 34 
6 23 37 93 26 35 
6 23 37 93 26 36 
1 23 37 
11 23 37 62 41 38 
12 23 77 39 
10 23 37 62 0 1 40 
3 23 37 62 41 
4 23 37 62 41 42 
6 23 83 43 
10 23 77 20 58 74 44 
7 23 77 20 67 45 
11 23 37 62 18 46 
14 23 83 47 
20 23 37 93 26 73 48 
15 23 37 93 26 36 49 
14 23 50 
8 23 37 62 4 51 
6 23 37 93 52 
15 23 37 62 4 51 53 
11 23 37 62 18 75 54 
16 23 37 62 18 75 55 
12 23 77 20 67 56 
10 23 37 62 18 75 16 57 
7 23 77 20 58 
11 23 37 62 41 42 59 
11 23 37 93 82 60 
14 23 37 62 64 27 88 61 
2 23 37 62 
18 23 37 62 18 19 63 
8 23 37 62 64 
11 23 83 43 65 
12 23 37 93 89 66 
5 23 77 20 67 
13 23 83 43 65 68 
11 23 77 20 58 74 44 69 
12 23 77 20 58 74 44 70 
16 23 37 93 89 71 
7 23 37 93 26 72 
9 23 37 93 26 73 
9 23 77 20 58 74 
6 23 37 62 18 75 
11 23 37 62 18 75 99 76 
1 23 77 
16 23 37 62 0 1 40 81 78 
11 23 37 93 52 29 79 
9 23 77 20 67 80 
12 23 37 62 0 1 40 81 
10 23 37 93 82 
1 23 83 
9 23 83 43 84 
10 23 77 20 67 85 
12 23 83 43 84 86 
12 23 37 93 89 87 
12 23 37 62 64 27 88 
11 23 37 93 89 
9 23 37 62 4 90 
15 23 37 62 41 42 59 91 
9 23 37 62 0 1 92 
3 23 37 93 
11 23 37 62 0 1 40 94 
9 23 37 62 18 95 
12 23 37 93 82 60 96 
14 23 37 62 4 14 5 97 
3 23 77 98 
7 23 37 62 18 75 99 
23
10 23 40 0 
13 23 1 
16 23 40 12 75 50 51 2 
14 23 40 3 
19 23 40 95 96 54 4 
17 23 40 5 
19 23 40 12 37 6 
18 23 43 89 10 7 
25 23 94 19 8 
19 23 40 3 52 9 
16 23 43 89 10 
18 23 43 89 10 11 
10 23 40 12 
16 23 40 12 75 50 36 13 
20 23 40 12 75 50 36 91 68 15 14 
19 23 40 12 75 50 36 91 68 15 
19 23 40 95 65 79 16 
23 23 40 0 47 45 70 17 
17 23 94 18 
17 23 94 19 
11 23 40 20 
20 23 40 95 65 79 21 
14 23 43 22 
0 23 
18 23 43 22 24 
23 23 43 22 72 25 
20 23 40 12 75 50 26 
21 23 40 0 47 48 44 27 
16 23 40 95 96 28 
20 23 29 
20 23 40 0 47 45 30 
21 23 40 95 96 54 77 49 31 
14 23 43 89 32 
20 23 40 12 75 33 
21 23 43 22 72 39 34 
20 23 40 3 52 9 35 
14 23 40 12 75 50 36 
18 23 40 12 37 
18 23 40 3 52 38 
17 23 43 22 72 39 
9 23 40 
19 23 40 12 75 50 36 13 41 
17 23 40 0 42 
12 23 43 
18 23 40 0 47 48 44 
16 23 40 0 47 45 
18 23 40 12 75 50 46 
15 23 40 0 47 
16 23 40 0 47 48 
20 23 40 95 96 54 77 49 
12 23 40 12 75 50 
15 23 40 12 75 50 51 
16 23 40 3 52 
17 23 40 0 47 45 53 
16 23 40 95 96 54 
18 23 40 3 55 
23 23 40 20 88 56 
19 23 40 57 
22 23 40 12 75 50 51 58 
21 23 43 89 10 11 59 
27 23 40 95 65 79 60 
20 23 40 12 75 50 36 91 68 61 
18 23 40 0 42 62 
17 23 40 95 63 
18 23 40 64 
16 23 40 95 65 
15 23 43 89 66 
18 23 40 0 42 67 
18 23 40 12 75 50 36 91 68 
21 23 40 0 47 45 70 69 
19 23 40 0 47 45 70 
21 23 40 95 71 
15 23 43 22 72 
22 23 94 18 73 
21 23 40 3 74 
11 23 40 12 75 
21 23 40 12 75 50 26 76 
17 23 40 95 96 54 77 
19 23 40 0 47 45 53 78 
18 23 40 95 65 79 
19 23 40 0 47 45 80 
21 23 40 0 47 45 83 81 
18 23 40 12 75 50 51 2 82 
18 23 40 0 47 45 83 
20 23 40 12 84 
18 23 40 12 75 50 51 2 85 
19 23 40 5 86 
21 23 43 89 10 11 87 
16 23 40 20 88 
13 23 43 89 
17 23 40 12 75 50 36 91 90 
15 23 40 12 75 50 36 91 
19 23 40 3 92 
20 23 40 0 47 45 53 78 93 
14 23 94 
14 23 40 95 
15 23 40 95 96 
19 23 43 97 
26 23 43 22 72 98 
20 23 40 12 75 50 51 2 99 
23
13 23 45 37 0 
16 23 70 33 97 1 
10 23 89 3 39 2 
7 23 89 3 
14 23 89 3 39 93 51 5 4 
13 23 89 3 39 93 51 5 
12 23 89 3 6 
17 23 89 3 39 93 51 7 
8 23 89 17 8 
10 23 70 33 9 
13 23 73 10 
19 23 89 77 69 67 11 
9 23 70 33 12 
19 23 70 33 9 63 13 
16 23 89 17 8 96 14 
16 23 89 17 21 15 
15 23 73 10 16 
7 23 89 17 
13 23 89 3 39 93 51 18 
15 23 70 91 99 19 
15 23 89 3 57 95 20 
15 23 89 17 21 
18 23 73 22 
0 23 
14 23 89 17 28 49 24 
14 23 70 33 25 
18 23 89 17 28 49 34 26 
13 23 89 3 57 30 27 
10 23 89 17 28 
20 23 45 29 
11 23 89 3 57 30 
10 23 70 33 31 
10 23 89 32 
8 23 70 33 
14 23 89 17 28 49 34 
13 23 70 33 35 
21 23 89 3 39 93 86 83 36 
9 23 45 37 
13 23 89 3 39 93 51 38 
8 23 89 3 39 
19 23 89 3 39 93 51 38 88 40 
17 23 89 3 42 41 
14 23 89 3 42 
19 23 89 3 39 93 86 83 43 
19 23 73 44 
8 23 45 
19 23 70 60 46 
15 23 70 33 31 66 47 
19 23 73 48 
13 23 89 17 28 49 
15 23 89 77 69 50 
12 23 89 3 39 93 51 
7 23 70 52 
13 23 89 77 53 
15 23 89 3 57 30 27 54 
15 23 89 3 39 93 86 83 55 
16 23 89 3 39 93 56 
9 23 89 3 57 
15 23 45 37 0 58 
13 23 89 59 
13 23 70 60 
21 23 89 17 21 15 61 
19 23 62 
12 23 70 33 9 63 
15 23 70 33 31 66 64 
14 23 70 33 9 63 65 
12 23 70 33 31 66 
17 23 89 77 69 67 
14 23 89 3 39 2 68 
14 23 89 77 69 
6 23 70 
12 23 89 71 
19 23 70 72 
6 23 73 
19 23 89 17 28 49 74 
17 23 70 33 25 75 
15 23 89 17 28 49 76 
11 23 89 77 
18 23 70 33 9 78 
16 23 89 3 39 93 86 79 
14 23 70 33 12 80 
16 23 89 3 57 84 81 
16 23 89 3 6 82 
13 23 89 3 39 93 86 83 
12 23 89 3 57 84 
13 23 89 3 39 2 85 
12 23 89 3 39 93 86 
12 23 89 17 8 96 87 
15 23 89 3 39 93 51 38 88 
4 23 89 
19 23 89 90 
10 23 70 91 
16 23 89 3 57 84 92 
9 23 89 3 39 93 
17 23 70 33 97 94 
13 23 89 3 57 95 
11 23 89 17 8 96 
9 23 70 33 97 
12 23 89 3 57 98 
13 23 70 91 99 
23
19 23 58 62 65 0 
13 23 66 5 77 54 1 
12 23 58 15 2 
15 23 66 5 3 
10 23 75 4 
7 23 66 5 
15 23 58 6 
11 23 66 69 7 
13 23 25 11 8 
17 23 66 5 12 51 89 9 
10 23 25 11 10 
9 23 25 11 
10 23 66 5 12 
16 23 66 5 12 64 13 
18 23 66 5 12 64 78 14 
11 23 58 15 
14 23 58 62 72 18 16 
9 23 58 62 17 
11 23 58 62 72 18 
17 23 58 62 72 19 
18 23 58 62 72 18 16 20 
17 23 75 4 21 
19 23 58 62 22 
0 23 
15 23 66 5 77 54 1 24 
7 23 25 
14 23 58 62 26 
15 23 58 62 17 85 27 
20 23 58 62 65 28 
14 23 66 5 12 29 
12 23 66 5 77 30 
11 23 25 11 10 31 
11 23 66 32 
12 23 58 62 72 18 33 
10 23 66 5 34 
14 23 66 32 35 
16 23 58 62 72 18 33 36 
11 23 66 37 
19 23 58 62 17 85 27 50 38 
14 23 58 68 39 
13 23 75 45 56 40 
18 23 66 5 77 83 41 
18 23 66 5 12 51 89 42 
20 23 75 45 43 
10 23 25 11 44 
9 23 75 45 
14 23 66 5 77 83 71 46 
14 23 25 11 10 31 47 
19 23 66 69 96 48 
13 23 25 11 44 49 
16 23 58 62 17 85 27 50 
11 23 66 5 12 51 
14 23 66 5 12 64 52 
15 23 66 5 12 64 78 53 
11 23 66 5 77 54 
28 23 25 11 44 49 55 
11 23 75 45 56 
15 23 58 15 57 
4 23 58 
19 23 66 5 12 29 80 59 
16 23 58 62 72 18 33 60 
17 23 58 62 72 18 33 36 61 
7 23 58 62 
15 23 25 63 
13 23 66 5 12 64 
14 23 58 62 65 
4 23 66 
15 23 66 5 12 51 67 
12 23 58 68 
8 23 66 69 
15 23 25 11 44 49 70 
12 23 66 5 77 83 71 
8 23 58 62 72 
18 23 66 76 73 
21 23 66 5 77 54 82 74 
8 23 75 
15 23 66 76 
8 23 66 5 77 
14 23 66 5 12 64 78 
11 23 66 5 77 79 
15 23 66 5 12 29 80 
10 23 66 81 
19 23 66 5 77 54 82 
11 23 66 5 77 83 
14 23 66 69 96 84 
11 23 58 62 17 85 
13 23 58 15 86 
19 23 25 11 10 31 99 87 
17 23 58 62 17 88 
15 23 66 5 12 51 89 
22 23 25 11 10 90 
14 23 75 45 91 
16 23 75 45 91 92 
16 23 66 69 93 
14 23 94 
14 23 66 69 96 95 
12 23 66 69 96 
17 23 66 81 97 
16 23 58 98 
17 23 25 11 10 31 99 
23
16 23 13 69 71 0 
17 23 13 69 1 
24 23 51 44 48 2 
13 23 51 49 54 3 
22 23 51 98 93 42 79 4 
17 23 51 11 73 5 
10 23 51 98 93 6 
16 23 51 98 7 
18 23 51 98 93 6 8 
14 23 10 9 
9 23 10 
14 23 51 11 
15 23 85 12 
5 23 13 
14 23 51 98 93 74 14 
16 23 53 78 15 
17 23 51 98 7 16 
16 23 51 98 93 91 17 
18 23 51 49 20 43 18 
22 23 51 49 20 43 62 19 
10 23 51 49 20 
21 23 13 69 58 21 
15 23 13 69 71 88 22 
0 23 
13 23 13 69 24 
19 23 53 25 
16 23 13 69 71 96 55 56 26 
18 23 13 69 71 96 55 56 26 27 
17 23 13 69 28 
19 23 51 49 20 43 29 
21 23 30 
19 23 13 69 31 
21 23 51 82 32 
22 23 51 49 20 43 33 
18 23 13 69 34 
20 23 13 69 35 
16 23 53 78 36 
17 23 51 82 39 37 
21 23 53 78 36 38 
16 23 51 82 39 
16 23 51 98 93 42 40 
16 23 51 44 41 
14 23 51 98 93 42 
11 23 51 49 20 43 
4 23 51 44 
18 23 51 98 93 91 45 
19 23 51 82 46 
23 23 51 82 46 47 
12 23 51 44 48 
8 23 51 49 
15 23 51 98 81 50 
3 23 51 
14 23 10 52 
5 23 53 
12 23 51 49 54 
13 23 13 69 71 96 55 
15 23 13 69 71 96 55 56 
13 23 51 57 
16 23 13 69 58 
17 23 13 69 71 96 55 59 
18 23 53 78 60 
17 23 13 69 71 96 55 56 61 
19 23 51 49 20 43 62 
16 23 51 11 73 63 
15 23 85 64 
16 23 13 69 24 65 
7 23 53 66 
18 23 51 49 20 43 86 67 
18 23 51 98 93 42 68 
10 23 13 69 
15 23 13 69 71 96 70 
11 23 13 69 71 
23 23 13 69 71 96 70 72 
15 23 51 11 73 
13 23 51 98 93 74 
16 23 51 98 93 91 75 
12 23 51 82 76 
17 23 53 77 
13 23 53 78 
20 23 51 98 93 42 79 
16 23 51 49 54 80 
14 23 51 98 81 
11 23 51 82 
20 23 85 12 90 83 
20 23 13 69 24 65 84 
12 23 85 
16 23 51 49 20 43 86 
15 23 51 49 87 
12 23 13 69 71 88 
13 23 53 89 
17 23 85 12 90 
15 23 51 98 93 91 
15 23 51 98 81 92 
9 23 51 98 93 
19 23 51 11 94 
16 23 51 44 95 
12 23 13 69 71 96 
19 23 53 78 97 
4 23 51 98 
19 23 85 99 
23
11 23 38 28 2 0 
11 23 38 5 91 32 1 
8 23 38 28 2 
10 23 38 9 44 80 3 
9 23 38 48 4 
5 23 38 5 
11 23 70 6 
17 23 14 19 63 7 
11 23 38 9 44 80 3 8 
5 23 38 9 
12 23 38 77 62 10 
8 23 38 9 44 11 
10 23 14 19 12 
13 23 14 37 13 
7 23 14 
15 23 38 28 35 15 
14 23 38 28 50 16 
11 23 14 19 66 17 
14 23 38 28 2 0 18 
8 23 14 19 
9 23 38 28 20 
13 23 21 
13 23 38 77 62 22 
0 23 
7 23 24 
12 23 61 25 
15 23 21 26 
16 23 38 28 99 72 36 75 27 
7 23 38 28 
18 23 38 5 91 29 
11 23 38 28 2 30 
10 23 38 9 44 11 31 
10 23 38 5 91 32 
11 23 38 28 2 33 
12 23 14 19 59 34 
12 23 38 28 35 
13 23 38 28 99 72 36 
12 23 14 37 
4 23 38 
13 23 24 55 39 
11 23 24 58 40 
11 23 70 41 
15 23 38 9 82 67 42 
9 23 38 5 43 
7 23 38 9 44 
13 23 38 5 91 45 
11 23 24 55 46 
10 23 14 47 
7 23 38 48 
12 23 38 28 2 49 
13 23 38 28 50 
11 23 38 28 20 51 
13 23 38 9 44 11 52 
12 23 38 77 62 53 
9 23 54 
9 23 24 55 
16 23 38 28 35 15 56 
9 23 38 9 44 11 57 
8 23 24 58 
9 23 14 19 59 
13 23 14 47 60 
8 23 61 
9 23 38 77 62 
10 23 14 19 63 
12 23 24 64 
14 23 38 77 95 65 
10 23 14 19 66 
13 23 38 9 82 67 
12 23 38 28 20 68 
12 23 14 19 12 69 
8 23 70 
10 23 70 71 
11 23 38 28 99 72 
13 23 38 9 44 11 78 73 
16 23 38 28 99 74 
14 23 38 28 99 72 36 75 
11 23 70 76 
7 23 38 77 
11 23 38 9 44 11 78 
9 23 24 79 
9 23 38 9 44 80 
12 23 24 55 46 81 
9 23 38 9 82 
11 23 38 9 44 80 3 83 
13 23 70 84 
10 23 85 
15 23 21 86 
16 23 38 9 87 
14 23 85 88 
16 23 38 5 91 32 1 89 
13 23 14 37 90 
6 23 38 5 91 
11 23 38 9 44 92 
15 23 14 19 12 93 
11 23 38 48 4 94 
12 23 38 77 95 
17 23 38 9 82 96 
11 23 14 47 97 
16 23 14 98 
10 23 38 28 99 
23
13 23 27 20 16 43 0 
13 23 27 84 94 1 
12 23 27 81 2 
12 23 27 73 3 
12 23 18 31 4 
10 23 27 84 5 
13 23 27 84 5 6 
6 23 7 
17 23 7 62 89 8 
14 23 18 85 50 51 9 
9 23 27 20 16 10 
21 23 88 11 
7 23 27 20 12 
14 23 61 99 13 
13 23 27 81 34 14 
17 23 18 85 50 51 15 
6 23 27 20 16 
15 23 27 81 34 14 17 
3 23 18 
15 23 27 81 70 60 19 
4 23 27 20 
15 23 82 21 
15 23 22 
0 23 
12 23 7 24 
13 23 27 20 36 68 25 
10 23 27 26 
3 23 27 
9 23 27 20 16 79 28 
14 23 27 84 29 
14 23 27 44 30 
9 23 18 31 
13 23 18 31 32 
9 23 27 20 12 33 
11 23 27 81 34 
13 23 27 20 16 35 
9 23 27 20 36 
17 23 27 20 16 37 
4 23 38 
15 23 27 20 39 
15 23 18 31 32 40 
13 23 7 62 41 
14 23 27 81 34 65 42 
11 23 27 20 16 43 
11 23 27 44 
11 23 27 81 63 45 
7 23 18 54 46 
14 23 38 47 
9 23 18 54 46 48 
8 23 27 84 49 
9 23 18 85 50 
11 23 18 85 50 51 
16 23 27 20 16 79 76 52 
12 23 18 54 46 48 97 53 
6 23 18 54 
19 23 38 55 
15 23 88 74 87 56 
12 23 88 78 57 
14 23 7 58 
9 23 61 59 
14 23 27 81 70 60 
7 23 61 
12 23 7 62 
9 23 27 81 63 
9 23 88 74 87 64 
13 23 27 81 34 65 
13 23 27 84 66 
17 23 27 73 3 67 
10 23 27 20 36 68 
17 23 27 81 34 14 17 69 
11 23 27 81 70 
15 23 88 71 
18 23 88 74 72 
7 23 27 73 
7 23 88 74 
12 23 18 85 50 51 75 
9 23 27 20 16 79 76 
14 23 18 31 77 
11 23 88 78 
7 23 27 20 16 79 
15 23 27 81 80 
4 23 27 81 
11 23 82 
10 23 18 54 46 83 
7 23 27 84 
6 23 18 85 
15 23 18 85 86 
8 23 88 74 87 
6 23 88 
13 23 7 62 89 
13 23 18 54 46 48 97 90 
13 23 27 26 91 
14 23 27 84 92 
12 23 27 81 70 93 
11 23 27 84 94 
14 23 61 95 
11 23 27 84 5 96 
11 23 18 54 46 48 97 
11 23 7 98 
12 23 61 99 
23
10 23 44 56 69 0 
11 23 55 46 84 43 1 
11 23 55 54 57 94 2 
6 23 3 
8 23 55 51 4 
17 23 44 56 61 5 
5 23 55 54 98 6 
13 23 55 54 98 32 40 7 
16 23 55 54 98 6 88 24 8 
13 23 44 86 27 13 9 
9 23 44 86 27 10 
16 23 44 86 64 11 
13 23 55 54 57 94 65 99 16 12 
6 23 44 86 27 13 
14 23 44 56 69 49 14 
7 23 55 15 
11 23 55 54 57 94 65 99 16 
5 23 55 51 17 
10 23 44 86 27 38 18 
8 23 3 19 
10 23 44 93 76 20 
10 23 55 46 84 43 21 
12 23 55 54 57 94 65 22 
0 23 
13 23 55 54 98 6 88 24 
6 23 44 63 25 
17 23 44 86 30 53 26 
5 23 44 86 27 
14 23 55 54 28 
15 23 55 54 98 6 88 29 
9 23 44 86 30 
17 23 44 63 25 31 
10 23 55 54 98 32 
9 23 44 63 33 
11 23 44 86 27 38 34 
12 23 3 35 
9 23 55 70 36 
10 23 44 63 83 37 
6 23 44 86 27 38 
23 23 3 35 39 
11 23 55 54 98 32 40 
9 23 55 46 41 
11 23 44 56 61 42 
9 23 55 46 84 43 
1 23 44 
10 23 55 54 58 45 
4 23 55 46 
12 23 55 54 58 45 47 
10 23 55 54 98 6 48 
11 23 44 56 69 49 
20 23 44 63 25 50 
4 23 55 51 
9 23 44 86 27 38 52 
11 23 44 86 30 53 
2 23 55 54 
1 23 55 
5 23 44 56 
4 23 55 54 57 
8 23 55 54 58 
10 23 55 54 58 59 
19 23 55 60 
7 23 44 56 61 
10 23 62 
5 23 44 63 
10 23 44 86 64 
7 23 55 54 57 94 65 
10 23 55 46 66 
9 23 3 67 
12 23 55 46 66 68 
8 23 44 56 69 
4 23 55 70 
10 23 44 86 27 38 52 71 
12 23 44 86 27 38 72 
5 23 55 51 73 
11 23 55 46 75 74 
6 23 55 46 75 
9 23 44 93 76 
8 23 44 56 77 
7 23 44 86 27 13 78 
11 23 44 93 79 
13 23 44 63 83 80 
7 23 55 51 17 81 
12 23 44 86 27 10 82 
6 23 44 63 83 
7 23 55 46 84 
13 23 44 63 25 85 
3 23 44 86 
13 23 44 86 27 38 34 87 
12 23 55 54 98 6 88 
13 23 44 86 27 38 34 89 
15 23 44 56 69 49 14 90 
13 23 44 63 83 91 
18 23 55 46 84 43 1 92 
4 23 44 93 
5 23 55 54 57 94 
12 23 55 54 98 32 95 
19 23 44 86 27 13 96 
8 23 55 70 97 
4 23 55 54 98 
10 23 55 54 57 94 65 99 
23
12 23 39 51 0 
9 23 60 63 1 
13 23 60 57 61 2 
14 23 25 74 88 89 3 
10 23 60 4 
9 23 60 5 
15 23 25 74 88 6 
9 23 60 7 
13 23 25 74 88 89 8 
7 23 60 9 
11 23 60 63 1 10 
12 23 60 79 11 
13 23 60 7 12 
7 23 25 74 27 13 
9 23 14 
10 23 25 74 88 48 15 
14 23 60 63 40 16 
17 23 24 17 
14 23 14 18 
18 23 39 51 0 26 19 
15 23 25 74 27 45 36 34 20 
6 23 24 21 
12 23 25 74 27 45 22 
0 23 
2 23 24 
1 23 25 
17 23 39 51 0 26 
6 23 25 74 27 
10 23 25 74 88 28 
14 23 60 79 42 29 
17 23 60 7 12 30 
10 23 31 
17 23 25 74 27 45 36 34 32 
11 23 60 79 33 
12 23 25 74 27 45 36 34 
13 23 25 74 88 35 
11 23 25 74 27 45 36 
11 23 60 5 37 
16 23 25 74 27 53 46 38 
10 23 39 
9 23 60 63 40 
14 23 25 74 88 89 8 41 
11 23 60 79 42 
17 23 60 9 54 71 43 
15 23 60 57 44 
9 23 25 74 27 45 
14 23 25 74 27 53 46 
15 23 60 63 47 
9 23 25 74 88 48 
17 23 60 79 11 76 49 
12 23 25 50 
11 23 39 51 
14 23 25 74 27 90 52 
10 23 25 74 27 53 
12 23 60 9 54 
13 23 39 55 
15 23 25 74 88 56 
8 23 60 57 
14 23 64 65 58 
13 23 60 63 40 59 
5 23 60 
11 23 60 57 61 
13 23 60 5 62 
7 23 60 63 
8 23 64 
11 23 64 65 
14 23 60 63 40 66 
11 23 60 63 40 67 
18 23 60 84 68 
18 23 60 9 70 69 
9 23 60 9 70 
16 23 60 9 54 71 
13 23 60 72 
13 23 25 74 88 89 73 
4 23 25 74 
11 23 24 21 75 
14 23 60 79 11 76 
12 23 25 77 
14 23 64 78 
6 23 60 79 
10 23 24 21 80 
14 23 60 63 40 67 81 
16 23 25 74 88 6 82 
16 23 60 84 83 
8 23 60 84 
19 23 60 57 61 2 85 
21 23 60 7 12 86 
9 23 60 57 87 
7 23 25 74 88 
12 23 25 74 88 89 
13 23 25 74 27 90 
12 23 24 91 
12 23 60 57 92 
15 23 25 74 88 89 93 
11 23 25 74 27 94 
15 23 60 63 1 95 
12 23 60 84 96 
25 23 60 63 40 67 97 
15 23 39 55 98 
20 23 60 72 99 
23
4 23 0 
14 23 0 1 
15 23 0 1 2 
14 23 54 41 3 
15 23 38 81 4 
16 23 68 10 5 
14 23 38 69 6 
40 23 35 13 7 
16 23 0 1 8 
23 23 83 61 9 
13 23 68 10 
16 23 38 57 96 73 11 
15 23 0 12 
13 23 35 13 
17 23 79 14 
18 23 35 15 
11 23 38 57 96 16 
19 23 68 91 53 17 
13 23 38 57 96 95 18 
15 23 38 57 96 95 19 
18 23 35 13 20 
15 23 68 76 37 21 
20 23 68 10 5 59 22 
0 23 
17 23 38 57 96 95 18 24 
19 23 34 33 32 56 25 
20 23 83 36 26 
18 23 68 27 
23 23 38 69 28 
15 23 38 57 96 16 29 
16 23 35 13 44 30 
14 23 35 13 31 
12 23 34 33 32 
11 23 34 33 
9 23 34 
12 23 35 
8 23 83 36 
10 23 68 76 37 
4 23 38 
17 23 83 39 
19 23 38 57 96 73 40 
13 23 54 41 
19 23 38 57 96 16 42 
15 23 38 81 43 
15 23 35 13 44 
15 23 54 45 
15 23 38 57 96 95 46 
24 23 38 69 47 
19 23 35 13 48 
17 23 68 76 75 49 
21 23 34 33 32 56 50 
17 23 38 51 
21 23 52 
14 23 68 91 53 
12 23 54 
31 23 34 33 32 56 50 55 
13 23 34 33 32 56 
5 23 38 57 
16 23 38 57 96 95 19 58 
17 23 68 10 5 59 
17 23 34 33 32 60 
11 23 83 61 
19 23 38 81 4 62 
16 23 68 63 
19 23 34 33 64 
28 23 79 65 
24 23 68 76 66 
10 23 34 67 
2 23 68 
12 23 38 69 
13 23 68 70 
23 23 68 10 5 59 71 
17 23 38 57 96 73 72 
13 23 38 57 96 73 
14 23 34 33 74 
10 23 68 76 75 
9 23 68 76 
13 23 34 77 
21 23 34 77 78 
16 23 79 
13 23 54 80 
10 23 38 81 
19 23 34 33 32 82 
7 23 83 
14 23 38 84 
11 23 68 85 
8 23 38 86 
21 23 0 1 2 87 
11 23 38 57 96 88 
18 23 35 13 44 30 89 
15 23 83 61 90 
13 23 68 91 
15 23 38 69 92 
14 23 83 93 
14 23 94 
10 23 38 57 96 95 
9 23 38 57 96 
14 23 38 57 96 97 
16 23 38 57 96 88 98 
15 23 38 57 96 97 99 
